8347807916
6713189635
5845734037
6636277831
661345455
651514476
6734578970
5625697148
6351675539
7503337850
7586415992
6846563971
5877598311
8104776204
5185310856
6442226432
6115059569
8285579114
8309093092
1773857092
990806627
7829734754
7265420602
5660909232
8434492111
7801843103
7697943486
7829450708
8524076285
5037562088
979904218
7644318731
1153296361
7034143307
1005223082
5682343010
6752227831
6806430160
8502337461
5295973587
5894272577
8257174076
8439821330
5322416406
7689103734
7628978797
5936817692
1239492923
6945434529
8545599111
8498459294
8187945118
8403324168
7497765846
6180710759
8148291983
1341618107
1301866538
7883501886
6834662342
5039195461
8265681001
8475041016
6202031532
6212122130
1642079901
5398803469
7882867450
1415250223
8410844045
5471001513
8232061869
6238485542
6420024593
5258982712
6981515249
5501388885
7884208179
8195834665
8068353902
6148043569
8490840192
7690148385
5297713377
1390992160
6861736437
8401978246
1971719812
6612680403
5766184083
5302627260
7845619111
6489892269
7386328037
5604763714
5891223505
8074434561
6302762403
8212861558
1295084712
6147785763
7895002608
8231833397
7848038145
8266374027
8444991992
6594366391
7306854093
7898838751
8220740722
7299163502
8304622200
6410967354
6102859993
7623569593
7955759561
7317966615
6395616352
8337647222
8418583293
1921432836
1305888664
6287870227
591936556
7493867010
7033346814
2034609322
5474372285
7308169606
6798245783
6660023704
1759761524
8190526809
8339807960
1240622071
7221592194
7568968828
7504396555
8434034699
6392114987
8482238572
867725016
5958239714
6064109340
7897020073
8153558861
8281933162
8361179642
8070373581
8070373581
6502566945
7606681002
8149481213
7871356640
7871356640
5061909214
5061909214
8274568450
8274568450
5375177899
7216410310
7216410310
7216410310
7599346098
7599346098
7209337254
1726892160
8213048876
6843862684
7843471333
7843471333
6213102694
7121986199
7121986199
8172404961
7233176689
7233176689
6248658681
7264313532
6560742108
736454587
8175277998
8359177278
1374792860
7556044514
1794830140
1794830140
5876440555
5036729145
5036729145
7688137231
7688137231
8434012260
8090126638
6700023608
6378775364
6378775364
8219737463
8463035140
8138296807
8480295207
8480295207
6685640146
6685640146
5595668251
6293669982
7306436955
5275008888
5602459721
5602459721
7340732457
1406829225
8203540399
7437098842
7437098842
8419009374
8419009374
7729564758
6592038699
8227093444
6561650093
8236603824
7695859708
7695859708
8163818400
6645653507
6831638419
7767428031
8049101350
5669562411
8053765099
7603149585
1323599504
1323599504
7931850277
5777924631
685225190
7260643230
1183356947
8470087525
8421001927
7988584097
7637004326
5712152722
7610379177
7513622597
8555950441
7550417869
7550417869
6958431410
8410891776
8410891776
2142292702
7244032531
7244032531
8414409772
8414409772
7938168138
7938168138
7938168138
7250705213
7231289579
7979780050
7491477245
7979780050
7299738139
775699616
775699616
5928181404
5928181404
8227998141
5154115745
5399763473
7472223632
7472223632
8284188917
8284188917
7559098010
7559098010
6464102499
7424273832
7208884694
5399763473
8244984008
8244984008
1399433025
8421329249
8392956671
8392956671
7141348621
7174828209
6938841786
8507339529
8135575729
8135575729
8149508623
8149508623
8016126078
8016126078
6184919292
8306759447
8306759447
5244659537
7286102102
8039407722
7556044514
733875389
733875389
733875389
7174828209
8330798305
7629707435
7237221568
1712632827
1712632827
7095273576
7095273576
7752358059
7752358059
5876440555
8257159678
7796970174
5021533207
6484422139
7779354781
7294332920
8389830156
5936103398
8596338407
7991577920
1127702531
5928971141
7676776280
7648381718
7620622985
8218691188
8269714977
6812571395
2100810659
8023480282
7636370352
7275398834
6617612281
5614931316
8578274430
5418715976
7738426166
7141379242
7868848930
7468306828
8054768891
6080876606
8113235432
7260163318
5620115571
7710976804
8205489059
1883938182
8544254038
6748559984
7980020294
7915427581
7365121857
7845559912
8330467111
6654853380
7764632977
6406106401
8195496567
284814213
6832985197
5384430656
6371434299
8192190826
8435942518
1151341997
1413513074
7642995979
8044972338
6704511385
6645384683
6013296669
6006940958
7658380134
1190566388
5615887242
6796905992
8390479413
5027595868
7413871633
8126639341
6920473195
6093373154
7908103990
1118014633
7864562459
8249382954
7327883296
6900668322
8460215451
8432678607
6677283112
7481455970
8074038739
7088837262
8250880537
6981294058
2048126630
7337521690
5714818248
7544916097
7341491240
6286442524
6505223908
7763131749
6861310827
8450124053
7726939856
7771293041
8542911419
8503363594
8148569237
1812562578
7980282123
7674381247
6888750287
6228892767
6710023395
6891855544
6606380171
8249106178
5136023656
1185555965
7457529946
1558286552
7403473629
7955066226
6778027585
7315465080
607480734
8266678704
1636528308
8487317488
6419827590
7814473055
66868991
5645291687
7192108193
7261824143
8397862886
7702523834
6246389505
5496157939
7901639493
8505933754
6437605034
957224400
7713174177
8297058676
8138735168
1374051648
5692812655
7251518075
7674020862
6614006385
8491395264
1786917337
7676361662
6929970231
8045186960
8467006650
8152731766
8458073502
7631650454
7637800485
7684696796
7934890187
8383449221
8489843382
7623011025
1326260304
7483576655
6722740065
7526055909
7317485844
8077059920
7950261926
8242008903
1644767590
7568864674
6607325087
8307491586
1612584489
6202785302
6704183750
7202783935
8523312732
7633130061
7329546088
7902739982
7911990162
6973911933
8196953917
5121208492
1115703583
8191123267
7460509186
7136820769
7459163453
8455337895
6442916087
254517216
7983784061
8476849835
7931417029
5314032885
2035990415
8486099608
1314633804
8543048560
7259131606
7301166870
6728755364
8199771155
7277200020
7675778892
810633155
8322785048
8477014527
5026294632
7089706058
6304854346
5563322044
8103742025
6897130252
8160974022
6282750035
6953506808
6123682213
7592699412
6114917052
7295770634
5978034498
5925813876
7805566094
8591142018
7041457992
5649206162
7466163119
6902884632
8176693756
5477253760
7884120553
8006525892
8512964444
7267050682
8459926984
7231020178
1632286394
1004585558
6571510285
7395944430
7115970916
8531921588
6480222184
8452962194
8379936641
7725896933
5578161933
8317649230
8041707187
7296194604
6911248333
5919763854
6585737843
1830253517
8409867434
714242014
6470155299
7280618660
8459608075
8529449260
8406325971
8350438797
8503071628
6455580821
5299105395
6917196887
8151443899
7761082651
8530216636
6666409240
7815911053
8241398449
6498456150
7797396100
7009426983
8568826474
6572395923
7361280849
5911857728
6711960872
1935260155
7553958044
1118756584
8389951050
6278936115
6294992222
5059978236
6722257134
8220807398
8156363864
7490508328
8067059081
8319954627
7678235726
6354969250
7521873205
8433788312
8455153364
7165443007
5617820335
5862457960
8353294223
5780787848
8251830471
7130600884
933170489
1071517173
6821962532
7620283557
7460295503
6889304913
6211376994
5972837649
8205847547
7167993388
8211195091
8312554297
1881974412
6704525345
6964219246
7595249138
7647143799
6514067248
1842797680
1914616407
8593486731
8223143682
8403044599
8296257575
8321253587
8441529644
8236439470
8496076512
7554557027
8443212281
8212958105
8488399608
8291904470
8254271994
8512512920
8329380190
7963369998
8597351050
8308960554
7698080330
8593695592
8596345449
8591900043
8488717570
8344048642
8492960982
8469644150
8374303663
8572900342
8391747095
8558467871
8354895553
8084738725
8144920222
8291652262
7717431034
8460916074
8324962962
8290827237
8576344695
8199652900
7625495719
8598281677
8214691049
8452098034
8173724704
8245716213
8360152662
8150593813
8592278157
8506470285
8556402385
8087253767
8377639062
7846763935
8243399732
8458884793
8378731869
8523224164
7140510838
7712863044
8200387119
8003187390
8415419198
6622575531
7808220165
6061471891
1482368203
7621002878
7965423301
8062712366
8007275635
7387104858
8191021277
1122268954
5830550680
7015408017
7676375552
6365371142
5206125158
6669194894
8489433587
8443391524
8292720997
8118452788
7214787361
8572058577
7006284449
1714888233
7607573881
8348753218
1320471446
7536147001
8502646858
5416896010
8426323047
6399489747
8305327855
7321838479
7167785860
1336412677
6843078385
8546385357
7848826456
5103458504
1688538967
7637170676
7767029976
7150268136
6144701387
7958577513
2128581286
5326104191
7442926609
7826795957
1771105890
8023089205
7673454026
1370625515
556212078
610983496
903993649
106358631
708992087
179717373
1105584602
1058188860
1068019647
1397271748
5072627183
2105588135
684384386
1921434172
73207839
8437816965
1191171530
545188669
5187370872
5034490221
5055722130
5026738285
5441810629
441176379
1787548151
5865274146
5617659942
5552242409
81143925
5749135874
404630507
750772613
6087916680
238260293
6507344501
5972367578
863878821
5618834205
1700945085
5401092399
1916315858
6450474693
6423694819
1680641163
6791787679
6806161042
313991114
5717012770
6373761406
6314593115
6350563148
5768788951
5647422604
6426154557
639638839
6572136192
579618031
6070775987
1810551706
7038738611
6186922478
5949672459
1962584994
5531131145
6920444518
7275508887
7238365668
5890500744
7404786132
7266109153
7487413818
7250441624
206443865
6172737533
7658130339
983468402
7655408614
7556700447
7558003425
7567865985
5191995200
573846058
7715264004
5481459504
914217664
7100593810
7529526212
7679773443
7767946619
7782099034
7208299831
7468738086
7942559491
1395194974
7593043950
7897098424
7793221124
1537970411
7548110615
7018989441
7864679885
7918765895
8539664914
113438234
1736933125
7371802347
2056539274
7688726697
5002999660
5384003105
8592759841
1288143627
6742988334
5285267268
5234170961
6252757386
8268772648
664855062
7110724943
6012321047
1728016872
5859225709
6958115590
906193894
6528558667
5348072594
6676565417
6158743226
7087993723
7817594953
7891140625
8008846431
6760318269
1263747123
1259774613
8470044826
6838366615
5619689191
8584083214
858948298
8215452814
418196495
8593039931
6643254188
7345595815
6612800098
1511379080
8089440914
896138720
1343875572
7261923277
8417409167
7879240902
7860309762
1053782963
1207001217
7902338203
1180312259
919479749
1096383658
7073936520
8588415225
8420956290
6266750005
5619495138
7833134538
998588038
7858432033
6706824344
7935543836
7227995109
8494788696
7203658582
8505118420
8386457963
1838766452
7938439740
598686385
8346346992
8355306610
7749889137
6480451155
7657686652
5886272533
6434308810
6796385154
5889590449
8220260805
6136884619
6184333370
7750080193
7524725561
1908207343
1777821575
6035488022
8426582765
8341859191
6906883836
8069773201
7472073326
6572793464
5724460948
5214410197
588979280
1412377388
5828731877
7126534242
8478083013
8399833182
1909235928
8511486714
8547678227
8185485364
7310982866
5228372672
8470690118
8349043763
8223282397
864043340
1300380257
5301074976
8088566866
6662653892
5274685785
7787653079
8350947035
7658532302
8109745555
8555063965
7107217461
7320600893
7327321494
6280168925
5020809703
8279113735
7700733056
8448044536
8314817945
8575609605
7074605949
7767842946
7329118646
5872767458
7381967577
7628619341
8113550053
8433389758
6118411021
6424264571
7585171445
8107382430
6814460877
7260216754
7378978635
8422913707
1202491802
1012061277
8494964827
7872285813
8560459628
7381244481
8189807994
7046296326
7943979621
7690014529
7736860281
7961830189
8461078176
8444258509
7573948850
5414148869
1695265297
8462403823
7984884145
7698714928
7972843834
6681866479
2139317634
8460589844
7654613414
5411160612
6751814157
6468549942
8139461433
6455181801
8466116707
7756641707
5809356779
6571677961
6893709977
6722321669
8162017413
5421867658
8477042637
1759502720
1922789478
8368944953
1860587618
8255736888
1370574137
6246610843
5027972545
7521278038
7022529207
6878918676
8284865553
7715915888
